$ 1 0.000001 382.76258214399064 89 5 43 5e-11
150 1232 -1424 1344 -1424 0 2 0 5
150 1456 -1456 1568 -1456 0 2 0 5
150 1344 -1440 1456 -1440 0 2 0 5
w 880 -1472 880 -832 0
w 896 -1456 896 -784 0
w 912 -1440 912 -736 0
w 928 -1408 928 -688 0
w 848 -688 16 -688 0
155 1488 -1312 1600 -1312 0 0
155 1488 -1200 1600 -1200 0 0
155 1488 -1088 1600 -1088 0 5
155 1488 -976 1600 -976 0 5
150 1968 -1296 2048 -1296 0 2 0 5
150 1952 -1184 2032 -1184 0 2 0 5
150 1936 -1072 2016 -1072 0 2 0 5
150 1920 -960 2000 -960 0 2 0 5
w 2000 -864 2000 -592 0
w 2016 -864 2016 -544 0
w 2032 -864 2032 -496 0
w 2048 -864 2048 -448 0
w 1888 -448 1408 -448 0
w 1872 -496 1424 -496 0
w 1856 -544 1440 -544 0
150 1152 -1248 1232 -1248 0 2 5 5
150 1232 -1264 1312 -1264 0 2 0 5
150 1072 -1232 1152 -1232 0 2 5 5
150 1312 -1280 1392 -1280 0 2 0 5
w 1072 -1104 1072 -192 0
w 1072 -1248 1056 -1248 0
w 1056 -1152 1056 -240 0
w 1152 -1264 1040 -1264 0
w 1040 -1152 1040 -288 0
w 1232 -1280 1024 -1280 0
w 1024 -336 1024 -1280 0
w 1312 -1296 1312 -1376 0
w 1312 -1376 448 -1376 0
w 1472 -1280 1488 -1280 0
w 1472 -1280 1472 -1168 0
w 1472 -1168 1488 -1168 0
w 1472 -1168 1472 -1056 0
w 1472 -1056 1488 -1056 0
w 1472 -1056 1472 -944 0
w 1472 -944 1488 -944 0
w 1488 -976 1456 -976 0
w 1840 -592 1456 -592 0
w 1456 -976 1456 -592 0
w 1488 -1312 1408 -1312 0
w 1440 -544 1440 -1088 0
w 1424 -1200 1424 -496 0
w 1408 -1312 1408 -448 0
w 2784 -1248 2784 -448 0
w 2816 -1200 2816 -496 0
w 2848 -544 2848 -1088 0
w 2912 -1248 2784 -1248 0
w 2912 -1312 2912 -1248 0
w 2944 -1312 2912 -1312 0
w 2944 -1200 2816 -1200 0
w 2944 -1088 2848 -1088 0
w 2880 -976 2880 -592 0
w 2928 -976 2880 -976 0
w 3264 -592 2880 -592 0
w 2944 -976 2928 -976 0
w 2896 -944 2944 -944 0
w 2896 -1056 2896 -944 0
w 2896 -1056 2944 -1056 0
w 2896 -1168 2896 -1056 0
w 2896 -1168 2944 -1168 0
w 2896 -1280 2896 -1168 0
w 2896 -1280 2944 -1280 0
w 2896 -1312 2896 -1280 0
150 2784 -1312 2896 -1312 0 2 0 5
I 2208 -1312 2288 -1312 0 0.5 5
150 2448 -1264 2560 -1264 0 2 5 5
150 2672 -1296 2784 -1296 0 2 0 5
150 2560 -1280 2672 -1280 0 2 0 5
w 3296 -544 2848 -544 0
w 3328 -496 2816 -496 0
w 3360 -448 2784 -448 0
w 3360 -1296 3360 -448 0
w 3328 -1184 3328 -496 0
w 3296 -1072 3296 -544 0
w 3264 -960 3264 -592 0
150 3136 -960 3232 -960 0 2 0 5
150 3152 -1072 3264 -1072 0 2 5 5
150 3184 -1184 3296 -1184 0 2 0 5
150 3216 -1296 3328 -1296 0 2 0 5
155 2944 -976 3056 -976 0 0
155 2944 -1088 3056 -1088 0 5
155 2944 -1200 3056 -1200 0 0
155 2944 -1312 3056 -1312 0 0
150 2976 -1440 3088 -1440 0 2 5 5
150 3088 -1456 3200 -1456 0 2 5 5
150 2864 -1424 2976 -1424 0 2 5 5
w 832 -736 64 -736 0
w 96 -784 816 -784 0
w 128 -832 800 -832 0
w 880 -832 2080 -832 0
w 896 -784 2096 -784 0
w 912 -736 2112 -736 0
w 928 -688 2128 -688 0
w 2880 -592 2000 -592 0
w 2848 -544 2016 -544 0
w 2816 -496 2032 -496 0
w 2784 -448 2048 -448 0
w 1024 -336 2144 -336 0
w 2752 -1408 2128 -1408 0
I 3008 -1472 3088 -1472 0 0.5 5
w 2080 -832 2080 -1472 0
w 2976 -1456 2096 -1456 0
w 2096 -1456 2096 -784 0
w 2752 -1440 2112 -1440 0
w 2112 -1440 2112 -736 0
w 2128 -1408 2128 -688 0
w 3008 -1472 2080 -1472 0
d 3328 -1296 3360 -1296 2 default
d 3296 -1184 3328 -1184 2 default
d 3264 -1072 3296 -1072 2 default
d 3232 -960 3264 -960 2 default
d 2000 -960 2000 -864 2 default
w 432 -336 1024 -336 0
w 2208 -336 2208 -1312 0
w 2672 -1312 2288 -1312 0
w 2560 -1296 2224 -1296 0
w 2224 -1296 2224 -288 0
w 2240 -1280 2240 -240 0
w 2256 -1248 2256 -192 0
w 1040 -288 416 -288 0
w 1056 -240 400 -240 0
w 1072 -192 368 -192 0
w 1040 -288 2128 -288 0
w 1056 -240 2112 -240 0
w 1072 -192 2096 -192 0
w 1312 -1376 2784 -1376 0
w 6112 -1296 5936 -1296 0
w 6080 -1184 5936 -1184 0
w 6048 -1072 5936 -1072 0
w 5936 -960 6016 -960 0
d 5904 -960 5936 -960 2 default
d 5904 -1072 5936 -1072 2 default
d 5904 -1184 5936 -1184 2 default
d 5904 -1296 5936 -1296 2 default
w 5648 -1472 5840 -1472 0
w 5584 -1456 5728 -1456 0
I 5504 -1456 5584 -1456 0 0.5 5
150 5616 -1424 5728 -1424 0 2 0 5
150 5840 -1456 5952 -1456 0 2 0 5
150 5728 -1440 5840 -1440 0 2 0 5
155 5696 -1312 5808 -1312 0 0
155 5696 -1200 5808 -1200 0 0
155 5696 -1088 5808 -1088 0 5
155 5696 -976 5808 -976 0 5
150 5792 -1296 5904 -1296 0 2 0 5
150 5792 -1184 5904 -1184 0 2 0 5
150 5792 -1072 5904 -1072 0 2 0 5
150 5792 -960 5904 -960 0 2 0 5
w 5952 -1264 5792 -1264 0
w 5792 -1264 5792 -1280 0
w 5952 -1264 5952 -1152 0
w 5952 -1152 5792 -1152 0
w 5792 -1152 5792 -1168 0
w 5952 -1152 5952 -1040 0
w 5952 -1040 5792 -1040 0
w 5792 -1040 5792 -1056 0
w 5952 -1040 5952 -928 0
w 5952 -928 5792 -928 0
w 5792 -928 5792 -944 0
w 6016 -960 6016 -592 0
w 6048 -1072 6048 -544 0
w 6080 -1184 6080 -496 0
w 6112 -1296 6112 -448 0
w 6112 -448 4736 -448 0
w 6080 -496 4704 -496 0
w 6048 -544 4672 -544 0
w 5648 -1280 5696 -1280 0
w 5648 -1280 5648 -1168 0
w 5648 -1168 5696 -1168 0
w 5648 -1168 5648 -1056 0
w 5648 -1056 5696 -1056 0
w 5648 -1056 5648 -944 0
w 5648 -944 5696 -944 0
w 5696 -976 5680 -976 0
w 6016 -592 4640 -592 0
w 5680 -976 5632 -976 0
w 5696 -1088 5600 -1088 0
w 5696 -1200 5568 -1200 0
w 5696 -1312 5664 -1312 0
w 5664 -1312 5664 -1248 0
w 5664 -1248 5536 -1248 0
w 5536 -1248 5536 -688 0
w 2784 -1328 2784 -1376 0
I 5536 -1408 5616 -1408 0 0.5 5
w 3456 -832 5008 -832 0
w 3472 -784 5024 -784 0
w 3488 -736 5040 -736 0
w 3504 -688 5056 -688 0
w 5536 -1408 5056 -1408 0
w 5616 -1440 5040 -1440 0
w 5024 -1456 5504 -1456 0
w 5648 -1472 5008 -1472 0
w 2784 -336 3584 -336 0
w 2672 -288 3600 -288 0
w 2560 -240 3616 -240 0
w 2496 -192 3632 -192 0
I 5136 -1248 5200 -1248 0 0.5 5
150 5200 -1264 5280 -1264 0 2 5 5
I 5104 -1296 5280 -1296 0 0.5 5
150 5536 -1312 5648 -1312 0 2 0 5
w 5136 -1248 5152 -192 0
w 5120 -1280 5120 -240 0
w 5104 -1296 5104 -288 0
w 5088 -1312 5088 -336 0
w 4160 -1376 5536 -1376 0
w 5056 -1408 5056 -688 0
w 5040 -736 5040 -1440 0
w 5024 -784 5024 -1456 0
w 5008 -832 5008 -1472 0
150 5840 -1376 5952 -1376 0 2 0 5
w 5952 -1456 5952 -1408 0
w 5952 -1408 5840 -1408 0
w 5840 -1408 5840 -1392 0
w 5952 -1376 5952 -1264 0
I 5728 -1360 5840 -1360 0 0.5 5
w 5728 -1360 5648 -1360 0
w 5648 -1280 5648 -1312 0
150 5280 -1280 5360 -1280 0 2 5 5
150 5360 -1296 5440 -1296 0 2 5 5
w 5440 -1296 5504 -1296 0
w 5536 -1296 5504 -1296 0
w 5504 -1296 5504 -1360 0
w 5504 -1360 5648 -1360 0
w 5536 -1376 5536 -1328 0
413 -80 -720 48 -720 0 8 8 0 0 16 83 193 19 48 81 32 82 255 16 81 0 83 194 170 0 83 172 161 208 82 163 -1 24 0 81 82 16 83 16 92 0 81 82 255 0 83 194 240 81 170 0 83 172 163 0 81 82 255 16 83 0 92 16 83 0 81 82 255 -1 -2
w 5568 -736 5568 -1200 0
w 5600 -784 5600 -1088 0
w 5632 -976 5632 -832 0
w 64 -736 64 -656 0
w 64 -656 16 -656 0
w 96 -784 96 -624 0
w 96 -624 16 -624 0
w 16 -592 128 -592 0
w 128 -592 128 -832 0
w 16 -464 16 -336 0
w 32 -288 32 -496 0
w 32 -496 16 -496 0
w 48 -240 48 -528 0
w 48 -528 16 -528 0
w 64 -192 64 -560 0
w 64 -560 16 -560 0
R -80 -720 -96 -720 0 0 40 5 0 0 0.5
g 16 -720 16 -768 0 0
421 3168 240 3344 240 0 8 0 0 0 0 0 5 5 5 0
w 3040 -976 3072 -976 0
w 3072 -976 3072 368 0
w 3040 -1088 3088 -1088 0
w 3088 -1088 3088 336 0
w 3040 -1200 3104 -1200 0
w 3104 -1200 3104 304 0
w 3040 -1312 3120 -1312 0
w 3120 -1312 3120 272 0
w 3216 -1312 3120 -1312 0
w 3184 -1200 3104 -1200 0
w 3152 -1088 3088 -1088 0
w 3136 -976 3072 -976 0
w 3136 -944 3136 -1056 0
w 3136 -1056 3152 -1056 0
w 3136 -1056 3136 -1168 0
w 3136 -1168 3184 -1168 0
w 3136 -1168 3136 -1280 0
w 3136 -1280 3216 -1280 0
w 3136 -1280 3136 -1344 0
w 3136 -1344 3200 -1344 0
w 3200 -1344 3200 -1456 0
w 1584 -976 1680 -976 0
w 1680 -976 1680 496 0
w 1584 -1088 1696 -1088 0
w 1696 -1088 1696 464 0
w 1584 -1200 1712 -1200 0
w 1584 -1312 1728 -1312 0
w 1712 -1200 1712 432 0
w 1728 -1312 1728 400 0
w 1680 -976 1920 -976 0
w 1904 -944 1904 -1056 0
w 1904 -1056 1904 -1168 0
w 1904 -1168 1904 -1280 0
w 1904 -1280 1904 -1568 0
w 1680 496 3168 496 0
w 1696 464 3168 464 0
w 1712 432 3168 432 0
w 1728 400 3168 400 0
150 2560 176 2672 176 0 2 0 5
150 2784 144 2896 144 0 2 0 5
150 2672 160 2784 160 0 2 0 5
w 3312 240 3312 528 0
w 3312 528 3264 528 0
w 2784 128 2784 -336 0
w 2672 144 2672 -288 0
w 2560 160 2560 -240 0
w 2560 192 2496 192 0
w 2496 192 2496 -192 0
w 2784 -336 2208 -336 0
w 2672 -288 2224 -288 0
w 2560 -240 2240 -240 0
w 2496 -192 2256 -192 0
R -176 -1360 -208 -1360 1 2 40000 2.5 2.5 0 0.5
w 224 -1328 224 240 0
w 3168 240 224 240 0
w 3264 496 3376 496 0
w 3264 464 3392 464 0
w 3264 432 3408 432 0
w 3264 400 3424 400 0
w 3264 368 3440 368 0
w 3264 336 3456 336 0
w 3264 304 3472 304 0
w 3264 272 3488 272 0
w 3376 496 3376 640 0
w 3392 464 3392 656 0
w 3408 432 3408 672 0
w 3424 400 3424 688 0
w 3440 368 3440 704 0
w 3456 336 3456 720 0
w 3472 304 3472 736 0
w 3488 272 3488 752 0
w 3376 640 -208 640 0
w 3392 656 -224 656 0
w 3408 672 -240 672 0
w 3424 688 -256 688 0
w 3440 704 -272 704 0
w 3456 720 -288 720 0
w 3472 736 -304 736 0
w 3488 752 -320 752 0
w -208 640 -208 -464 0
w -80 -464 -208 -464 0
w -80 -496 -224 -496 0
w -80 -528 -240 -528 0
w -80 -560 -256 -560 0
w -80 -592 -272 -592 0
w -80 -624 -288 -624 0
w -80 -656 -304 -656 0
w -80 -688 -320 -688 0
w -224 -496 -224 656 0
w -240 -528 -240 672 0
w -256 -560 -256 688 0
w -272 -592 -272 704 0
w -288 -624 -288 720 0
w -304 -656 -304 736 0
w -320 -688 -320 752 0
R 3168 560 3152 560 0 0 40 5 0 0 0.5
R 3168 528 3152 528 0 0 40 5 0 0 0.5
R 3264 560 3280 560 0 0 40 5 0 0 0.5
x -1137 -865 -726 -862 4 30 Write\sto\ssave\sregister:\s0xF[0-F]
x -1150 -804 -672 -801 4 30 Read\sfrom\ssave\sregister:\s0x[in\sreg]F
x 5523 -1573 5908 -1570 4 30 Save\sreg,\sinput:\s0,\soutput:\s80
x 2574 -1579 2877 -1576 4 30 R2,\sinput:\s2,\soutput:\s32
x 1266 -1624 1569 -1621 4 30 R1,\sinput:\s1,\soutput:\s16
x 2459 330 3038 333 4 30 Prog\scount,\s0-3\sR1,\s4-7\sR2,\sLoad\sinput\s0xff\s
I 896 -1456 1344 -1456 0 0.5 5
I 880 -1472 1456 -1472 0 0.5 5
I 928 -1408 1232 -1408 0 0.5 5
I 2752 -1440 2864 -1440 0 0.5 5
I 2752 -1408 2864 -1408 0 0.5 5
196 3184 1008 3280 1008 2 4
w 3120 272 3120 1008 0
w 3104 304 3104 1040 0
w 3088 336 3088 1072 0
w 3072 368 3072 1104 0
w 3184 1008 3120 1008 0
w 3184 1040 3104 1040 0
w 3184 1072 3088 1072 0
w 3184 1104 3072 1104 0
w 3184 1136 1728 1136 0
w 3184 1168 1712 1168 0
w 3184 1200 1696 1200 0
w 3184 1232 1680 1232 0
w 1680 496 1680 1232 0
w 1696 464 1696 1200 0
w 1712 432 1712 1168 0
w 1728 400 1728 1136 0
I 1072 -1104 1072 -1216 0 0.5 5
I 1056 -1152 1056 -1248 0 0.5 5
I 1040 -1152 1040 -1264 0 0.5 5
I 2240 -1280 2448 -1280 0 0.5 5
I 2256 -1248 2448 -1248 0 0.5 5
150 3344 1056 3424 1056 0 2 0 5
150 3344 1120 3424 1120 0 2 0 5
150 3344 1248 3424 1248 0 2 0 5
150 3344 1184 3424 1184 0 2 0 5
w 3312 1136 3312 1104 0
w 3312 1104 3280 1104 0
w 3296 1168 3296 1136 0
w 3296 1136 3280 1136 0
w 3280 1232 3280 1168 0
150 2928 960 3040 960 0 2 0 5
150 2816 976 2928 976 0 2 0 5
150 2704 992 2816 992 0 2 0 5
w 3040 960 3328 960 0
x 2429 1054 2690 1057 4 30 ADD,\sOUTPUT\s160
w 2352 -832 2352 800 0
w 2336 -784 2336 816 0
w 2320 -736 2320 832 0
w 2304 -688 2304 864 0
w 2304 -688 2128 -688 0
w 2320 -736 2112 -736 0
w 2336 -784 2096 -784 0
w 2352 -832 2080 -832 0
w 2848 944 2352 944 0
w 2816 960 2336 960 0
w 2624 976 2320 976 0
w 2704 1008 2304 1008 0
w 3504 1056 3504 -448 0
w 3520 1120 3520 -496 0
w 3536 1184 3536 -544 0
w 3552 832 3552 -592 0
w 3504 -448 3360 -448 0
w 3520 -496 3328 -496 0
w 3536 -544 3296 -544 0
w 3552 -592 3264 -592 0
I 2624 976 2704 976 0 0.5 5
I 2848 944 2928 944 0 0.5 5
I 3632 -1248 3824 -1248 0 0.5 5
I 3616 -1280 3824 -1280 0 0.5 5
I 4128 -1408 4240 -1408 0 0.5 5
I 4128 -1440 4240 -1440 0 0.5 5
w 4576 -1344 4576 -1456 0
w 4512 -1344 4576 -1344 0
w 4512 -1280 4512 -1344 0
w 4512 -1280 4592 -1280 0
w 4512 -1168 4512 -1280 0
w 4512 -1168 4560 -1168 0
w 4512 -1056 4512 -1168 0
w 4512 -1056 4528 -1056 0
w 4512 -944 4512 -1056 0
w 4512 -976 4448 -976 0
w 4528 -1088 4464 -1088 0
w 4560 -1200 4480 -1200 0
w 4592 -1312 4496 -1312 0
w 4496 -1312 4496 160 0
w 4416 -1312 4496 -1312 0
w 4480 -1200 4480 144 0
w 4416 -1200 4480 -1200 0
w 4464 -1088 4464 128 0
w 4416 -1088 4464 -1088 0
w 4448 -976 4448 96 0
w 4416 -976 4448 -976 0
w 4160 -1328 4160 -1376 0
w 2784 -1376 4160 -1376 0
w 3632 -1248 3632 -192 0
w 3616 -1280 3616 -240 0
w 3600 -1296 3600 -288 0
w 3936 -1296 3600 -1296 0
w 4048 -1312 3584 -1312 0
w 3584 -336 3584 -1312 0
d 4608 -960 4640 -960 2 default
d 4640 -1072 4672 -1072 2 default
d 4672 -1184 4704 -1184 2 default
d 4704 -1296 4736 -1296 2 default
w 4464 -1472 3456 -1472 0
w 3504 -1408 3504 -688 0
w 3488 -1440 3488 -736 0
w 4128 -1440 3488 -1440 0
w 3472 -1456 3472 -784 0
w 4352 -1456 3472 -1456 0
w 3456 -832 3456 -1472 0
w 4128 -1408 3504 -1408 0
150 4240 -1424 4352 -1424 0 2 5 5
150 4464 -1456 4576 -1456 0 2 0 5
150 4352 -1440 4464 -1440 0 2 5 5
155 4320 -1312 4432 -1312 0 0
155 4320 -1200 4432 -1200 0 0
155 4320 -1088 4432 -1088 0 0
155 4320 -976 4432 -976 0 0
150 4592 -1296 4704 -1296 0 2 0 5
150 4560 -1184 4672 -1184 0 2 0 5
150 4528 -1072 4640 -1072 0 2 0 5
150 4512 -960 4608 -960 0 2 0 5
w 4640 -960 4640 -592 0
w 4672 -1072 4672 -544 0
w 4704 -1184 4704 -496 0
w 4736 -1296 4736 -448 0
150 3936 -1280 4048 -1280 0 2 0 5
150 4048 -1296 4160 -1296 0 2 0 5
150 3824 -1264 3936 -1264 0 2 5 5
150 4160 -1312 4272 -1312 0 2 0 5
w 4272 -1312 4272 -1280 0
w 4272 -1280 4320 -1280 0
w 4272 -1280 4272 -1168 0
w 4272 -1168 4320 -1168 0
w 4272 -1168 4272 -1056 0
w 4272 -1056 4320 -1056 0
w 4272 -1056 4272 -944 0
w 4272 -944 4320 -944 0
w 4320 -976 4304 -976 0
w 4304 -976 4256 -976 0
w 4256 -976 4256 -592 0
w 4320 -1088 4224 -1088 0
w 4320 -1200 4192 -1200 0
w 4320 -1312 4288 -1312 0
w 4288 -1312 4288 -1248 0
w 4288 -1248 4160 -1248 0
w 4224 -544 4224 -1088 0
w 4192 -1200 4192 -496 0
w 4160 -1248 4160 -448 0
w 3456 -832 2352 -832 0
w 3472 -784 2336 -784 0
w 3488 -736 2320 -736 0
w 3504 -688 2304 -688 0
w 3552 -592 4256 -592 0
w 4224 -544 3536 -544 0
w 3520 -496 4192 -496 0
w 4160 -448 3504 -448 0
w 4256 -592 4640 -592 0
w 4672 -544 4224 -544 0
w 4704 -496 4192 -496 0
w 4160 -448 4736 -448 0
w 5088 -336 3584 -336 0
w 5104 -288 3600 -288 0
w 5120 -240 3616 -240 0
w 5152 -192 3632 -192 0
x 3902 -1611 4205 -1608 4 30 R3,\sinput:\s3,\soutput:\s48
x 5475 -1525 5801 -1522 4 30 basically\swriting\s0x[0-f]0\s
I 5120 -1280 5200 -1280 0 0.5 5
I 5088 -1312 5360 -1312 0 0.5 5
I 2624 832 2704 832 0 0.5 5
w 2704 864 2304 864 0
w 2624 832 2320 832 0
w 2816 816 2336 816 0
w 2928 800 2352 800 0
x 2429 910 2808 913 4 30 ADD_CARRY,\sOUTPUT\s176
150 2704 848 2816 848 0 2 0 5
150 2816 832 2928 832 0 2 0 5
150 2928 816 3040 816 0 2 0 5
w 2304 864 2304 1008 0
w 2320 832 2320 976 0
w 2336 816 2336 960 0
w 2352 800 2352 944 0
150 3280 832 3392 832 0 2 0 5
d 3392 832 3472 832 2 default
w 3472 832 3552 832 0
w 3040 816 3280 816 0
w 3280 1008 3280 848 0
152 3792 128 3696 128 0 2 0 5
152 3888 112 3792 112 0 2 0 5
151 3312 144 3312 240 0 2 5 5
w 2896 144 3296 144 0
w 3328 144 3616 144 0
w 3888 96 4448 96 0
w 3888 128 4464 128 0
w 3792 144 4480 144 0
w 3696 160 4496 160 0
413 3184 1584 3248 1584 0 4 4 0 0 0 -1 -2
w 3328 960 3328 1040 0
w 3280 1072 3344 1072 0
w 3328 1040 3344 1040 0
w 3312 1136 3344 1136 0
w 3328 1040 3328 1104 0
w 3328 1104 3344 1104 0
w 3328 1104 3328 1200 0
w 3344 1168 3296 1168 0
w 3344 1232 3280 1232 0
w 3344 1264 3328 1264 0
w 3328 1264 3328 1200 0
w 3328 1200 3344 1200 0
d 3424 1056 3504 1056 2 default
d 3424 1120 3520 1120 2 default
d 3424 1184 3536 1184 2 default
d 3424 1248 3552 1248 2 default
w 3552 832 3552 1248 0
w 3504 1056 3504 1616 0
w 3520 1120 3520 1648 0
w 3536 1184 3536 1680 0
w 3552 1248 3552 1712 0
w 3280 1616 3504 1616 0
w 3520 1648 3280 1648 0
w 3536 1680 3280 1680 0
w 3280 1712 3552 1712 0
I 2336 1328 2816 1328 0 0.5 5
I 2352 1312 2928 1312 0 0.5 5
w 2704 1376 2304 1376 0
w 2704 1344 2320 1344 0
x 2429 1422 2694 1425 4 30 RAM,\sOUTPUT\s192
150 2704 1360 2816 1360 0 2 0 5
150 2816 1344 2928 1344 0 2 0 5
150 2928 1328 3040 1328 0 2 0 5
w 2304 1008 2304 1376 0
w 2320 976 2320 1344 0
w 2336 960 2336 1328 0
w 2352 944 2352 1312 0
w 3328 1328 3328 1584 0
w 3328 1584 3280 1584 0
150 2928 1472 3040 1472 0 2 0 5
150 2816 1488 2928 1488 0 2 0 5
150 2704 1504 2816 1504 0 2 0 5
x 2429 1566 2644 1569 4 30 RAM,\sINPUT\s12
w 2704 1488 2112 1488 0
w 2704 1520 2096 1520 0
I 2144 1456 2928 1456 0 0.5 5
I 2128 1472 2816 1472 0 0.5 5
w 2096 -192 2096 1520 0
w 2112 -240 2112 1488 0
w 2128 -288 2128 1472 0
w 2144 -336 2144 1456 0
w 3184 1472 3184 1584 0
I 3040 1328 3328 1328 0 0.5 5
I 3040 1472 3184 1472 0 0.5 5
w 2144 -336 2208 -336 0
w 2128 -288 2224 -288 0
w 2112 -240 2240 -240 0
w 2096 -192 2256 -192 0
I 16 -1376 224 -1376 0 0.5 5
w 16 -1376 16 -1328 0
197 -208 -1088 -144 -1088 0
157 -80 -1088 64 -1088 0 7 0 0
w -80 -960 -16 -960 0
w -80 -928 16 -928 0
w 16 -928 16 -960 0
w -80 -896 48 -896 0
w 48 -896 48 -960 0
w -288 -896 -288 -960 0
w -416 -896 -288 -896 0
w -320 -928 -320 -960 0
w -416 -928 -320 -928 0
w -416 -960 -352 -960 0
157 -416 -1088 -272 -1088 0 7 0 0
197 -544 -1088 -480 -1088 0
w -208 -464 -208 -992 0
w -224 -496 -224 -1024 0
w -224 -1024 -208 -1024 0
w -208 -1056 -240 -1056 0
w -240 -1056 -240 -528 0
w -208 -1088 -256 -1088 0
w -256 -1088 -256 -560 0
w -544 -992 -544 -848 0
w -544 -848 -272 -848 0
w -272 -848 -272 -592 0
w -544 -1024 -560 -1024 0
w -560 -1024 -560 -832 0
w -544 -1056 -576 -1056 0
w -544 -1088 -592 -1088 0
w -576 -1056 -576 -816 0
w -592 -1088 -592 -800 0
w -560 -832 -288 -832 0
w -288 -832 -288 -624 0
w -576 -816 -304 -816 0
w -304 -816 -304 -656 0
w -592 -800 -320 -800 0
w -320 -800 -320 -688 0
w 3072 368 3168 368 0
w 3088 336 3168 336 0
w 3104 304 3168 304 0
w 3120 272 3168 272 0
w 4448 96 4448 1744 0
w 4464 128 4464 1760 0
w 4480 144 4480 1776 0
w 4496 160 4496 1792 0
w 3184 1712 3184 1744 0
w 3184 1744 4448 1744 0
w 3184 1680 3168 1680 0
w 3168 1680 3168 1760 0
w 3168 1760 4464 1760 0
w 3184 1648 3152 1648 0
w 3152 1648 3152 1776 0
w 3152 1776 4480 1776 0
w 3184 1616 3136 1616 0
w 3136 1616 3136 1792 0
w 3136 1792 4496 1792 0
w 5008 -832 5632 -832 0
w 5024 -784 5600 -784 0
w 5040 -736 5568 -736 0
w 5056 -688 5536 -688 0
R -304 -1392 -320 -1392 0 0 40 5 0 0 0.5
w 224 -1328 16 -1328 0
S 16 -1376 -176 -1376 0 0 false 0 2
w 1008 -1632 1008 -1696 0
w 880 -1632 1008 -1632 0
w 976 -1664 976 -1696 0
w 880 -1664 976 -1664 0
w 880 -1696 944 -1696 0
157 880 -1824 1024 -1824 0 7 0 0
197 752 -1824 816 -1824 0
w 1456 -592 544 -592 0
w 608 -1824 496 -1824 0
w 608 -1712 512 -1712 0
w 608 -1600 528 -1600 0
w 592 -1488 544 -1488 0
w 608 -1488 592 -1488 0
w 560 -1456 608 -1456 0
w 560 -1568 560 -1456 0
w 560 -1568 608 -1568 0
w 560 -1680 560 -1568 0
w 560 -1680 608 -1680 0
w 560 -1792 560 -1680 0
w 560 -1792 608 -1792 0
w 432 -1792 560 -1792 0
155 608 -1488 720 -1488 0 0
155 608 -1600 720 -1600 0 0
155 608 -1712 720 -1712 0 0
155 608 -1824 720 -1824 0 0
w 752 -1792 720 -1792 0
w 720 -1792 720 -1712 0
w 720 -1712 704 -1712 0
w 752 -1760 736 -1760 0
w 736 -1760 736 -1600 0
w 736 -1600 704 -1600 0
w 752 -1728 752 -1488 0
w 752 -1488 704 -1488 0
w 704 -1824 752 -1824 0
w 544 -1488 544 -592 0
150 432 -1696 432 -1792 0 2 0 5
w 1440 -544 528 -544 0
w 1424 -496 512 -496 0
w 1408 -448 496 -448 0
w 528 -1600 528 -544 0
w 512 -1712 512 -496 0
w 496 -1824 496 -448 0
w 448 -1696 448 -1376 0
w 224 -1376 448 -1376 0
150 416 -1600 416 -1696 0 2 0 5
150 400 -1504 400 -1600 0 2 0 5
150 384 -1408 384 -1504 0 2 0 5
I 400 -240 400 -1408 0 0.5 5
I 432 -336 432 -1600 0 0.5 5
w 416 -1504 416 -288 0
w 368 -1408 368 -192 0
x 3666 49 4418 52 4 30 R3\sgives\sthe\sconditional\sjump\s(R3\s!\q\s0\s\q>\sJump\sallowed)
x 466 -1881 677 -1878 4 30 7SEG,\sinput:\s10
w 1568 -1456 1744 -1456 0
w 1568 -1568 1904 -1568 0
I 848 -1520 1232 -1520 0 0.5 5
I 832 -1552 1232 -1552 0 0.5 5
I 816 -1568 1344 -1568 0 0.5 5
x 1316 -1385 1619 -1382 4 30 R1,\sinverted\soutput:\s64
w 1456 -1584 800 -1584 0
150 1344 -1552 1456 -1552 0 2 0 5
150 1456 -1568 1568 -1568 0 2 0 5
150 1232 -1536 1344 -1536 0 2 5 5
w 1440 -1088 1488 -1088 0
w 1424 -1200 1488 -1200 0
w 1392 -1280 1472 -1280 0
w 1584 -912 1584 128 0
w 1600 -1024 1600 128 0
w 1616 -1136 1616 128 0
w 1632 -1248 1632 128 0
w 1600 -1024 1584 -1024 0
w 1616 -1136 1584 -1136 0
w 1632 -1248 1584 -1248 0
d 2016 -1072 2016 -864 2 default
d 2032 -1184 2032 -864 2 default
w 1904 -1280 1968 -1280 0
w 1904 -1168 1952 -1168 0
w 1936 -1056 1904 -1056 0
d 2048 -1296 2048 -864 2 default
w 1968 -1312 1728 -1312 0
w 1952 -1200 1712 -1200 0
w 1936 -1088 1696 -1088 0
w 1920 -944 1904 -944 0
w 1760 -944 1744 -944 0
d 1888 -1264 1888 -448 2 default
w 1776 -1056 1744 -1056 0
w 1744 -1168 1792 -1168 0
w 1744 -1280 1808 -1280 0
d 1872 -1152 1872 -496 2 default
d 1856 -1040 1856 -544 2 default
w 1744 -1280 1744 -1456 0
w 1744 -1168 1744 -1280 0
w 1744 -1056 1744 -1168 0
w 1744 -944 1744 -1056 0
d 1840 -928 1840 -592 2 default
150 1760 -928 1840 -928 0 2 0 5
150 1776 -1040 1856 -1040 0 2 0 5
150 1792 -1152 1872 -1152 0 2 0 5
150 1808 -1264 1888 -1264 0 2 0 5
w 800 -1584 800 -832 0
w 848 -1520 848 -688 0
w 832 -1552 832 -736 0
w 816 -1568 816 -784 0
w 848 -688 928 -688 0
w 912 -736 832 -736 0
w 816 -784 896 -784 0
w 880 -832 800 -832 0
w 1584 -912 1760 -912 0
w 1600 -1024 1776 -1024 0
w 1616 -1136 1792 -1136 0
w 1632 -1248 1808 -1248 0
w 1888 -448 2048 -448 0
w 1872 -496 2032 -496 0
w 2016 -544 1856 -544 0
w 1840 -592 2000 -592 0
w 1232 -1440 912 -1440 0
x 1062 180 1657 183 4 30 R1\sinverted\soutput\s(Maybe\sfor\ssubtraction??)
154 3120 2032 3216 2032 0 2 5 5
154 3120 2096 3216 2096 0 2 5 5
154 3120 2160 3216 2160 0 2 5 5
154 3120 2224 3216 2224 0 2 0 5
w 3120 1008 3120 2016 0
w 3104 1040 3104 2080 0
w 3072 1104 3072 2208 0
w 3088 1072 3088 2144 0
w 3072 2208 3120 2208 0
w 3088 2144 3120 2144 0
w 3104 2080 3120 2080 0
w 1680 1232 1680 2048 0
w 3120 2048 1680 2048 0
w 3120 2112 1696 2112 0
w 1696 1200 1696 2112 0
w 1712 1168 1712 2176 0
w 1728 1136 1728 2240 0
w 1712 2176 3120 2176 0
w 3120 2240 1728 2240 0
w 3504 1616 3504 2048 0
w 3520 1648 3520 2112 0
w 3536 1680 3536 2176 0
w 3552 1712 3552 2240 0
150 3312 2048 3392 2048 0 2 0 5
150 3312 2112 3392 2112 0 2 0 5
150 3312 2176 3392 2176 0 2 0 5
150 3312 2240 3392 2240 0 2 0 5
w 3312 2256 3296 2256 0
w 3296 2256 3296 2192 0
w 3296 2192 3312 2192 0
w 3296 2192 3296 2128 0
w 3296 2128 3312 2128 0
w 3296 2128 3296 2064 0
w 3296 2064 3312 2064 0
w 3296 2064 3296 1968 0
w 3296 1968 3040 1968 0
I 2336 1968 2816 1968 0 0.5 5
w 2704 2016 2304 2016 0
w 2704 1984 2320 1984 0
w 2928 1952 2352 1952 0
x 2547 1911 2810 1914 4 30 XOR,\sOUTPUT\s208
150 2704 2000 2816 2000 0 2 0 5
150 2816 1984 2928 1984 0 2 0 5
150 2928 1968 3040 1968 0 2 0 5
w 2304 1376 2304 2016 0
w 2320 1344 2320 1984 0
w 2336 1328 2336 1968 0
w 2352 1312 2352 1952 0
d 3392 2048 3504 2048 2 default
d 3392 2112 3520 2112 2 default
d 3392 2176 3536 2176 2 default
d 3392 2240 3552 2240 2 default
I 3216 2032 3312 2032 0 0.5 5
I 3216 2096 3312 2096 0 0.5 5
I 3216 2160 3312 2160 0 0.5 5
I 3216 2224 3312 2224 0 0.5 5
152 3696 144 3616 144 0 2 0 5
s -304 -1488 -176 -1488 0 1 true
s -304 -1392 -176 -1392 0 1 false
w -176 -1488 -176 -1392 0
w -304 -1488 -304 -1392 0
w 432 -336 16 -336 0
w 416 -288 32 -288 0
w 400 -240 48 -240 0
w 368 -192 64 -192 0
